17934931
18000542
18786208
19292035
19047770
19085010
18935560
18864461
18825604
18254411
17973396
17818164
18093593
18240936
18621617
18602556
18054883
19420709
19076190
19132540
18318993
17891027
17637158
17998043
18323354
18327127
18815363
18248727
17752749
18119122
18167142
18524499
18125786
18056304
17563364
17743978
17343256
17369912
17044552
17540432
17207379
17536610
17561306
17490305
17586835
18528762
18057137
17985548
18097660
17965507
18090849
18006324
17658963
17269609
17385592
17901121
18168514
17698359
17503192
18285232
18649547
18502057
18486328
18517345
17846878
18049934
18668510
18389308
17839430
18166015
18354665
18473245
19029444
18726918
19806535
18931395
19181197
19062078
19457263
19176101
19318593
18686738
18338593
18862697
18486083
18418561
18544932
18322178
17358691
17293374
18136272
18025630
18014066
17603887
18054295
17226538
16790144
17420627
17242365
17371872
17635296
17992555
17808168
17341345
17514952
17173814
17892154
16701258
17017259
16939692
16358503
15984486
16499280
17156566
17248980
17148922
16455817
16484286
16648583
16488892
16447536
16265011
16356739
16235366
15867082
15764623
16135749
16378348
16628983
16176517
16692144
17218600
16804109
16957185
17080420
16931313
17200127
17404506
17149608
17427487
17335808
17256918
17188563
16367813
16320626
16138787
16374330
16150449
16255113
16100175
15884085
15666427
15532265
16412697
16636235
15560587
15758988
15923432
15896090
16235366
16220078
16317000
16733598
16581502
16274272
16584638
16294460
16164953
16896817
16158779
15833076
16233847
15337245
15665888
15907409
16075283
16497467
15529423
15506981
15260854
15334207
15031289
15544515
15341214
15206856
15085042
15792994
15415890
15094352
15604883
15669318
15509333
16083123
15752226
15199996
14874097
15463126
15509088
15868944
15619828
15530109
15792308
15926225
16096010
15643005
15816563
16093364
15664320
15259531
15291822
15336118
15094989
15305395
15384824
15121449
15423779
15231601
14895216
14596855
14894726
15030554
14700196
14775068
14735084
14684614
14840581
14933779
14685741
14703724
14678783
15094352
15537508
14877968
14924959
15691613
14626745
16523094
14782320
14503657
14894089
14785701
15026389
15183581
15328131
14849450
14464408
14452256
14815787
14564368
14301140
14474012
14315987
14228032
14575981
14647374
14454216
16345763
16271479
15596210
14885563
14598031
14819707
14828086
15137178
14502334
13695843
13541248
12880042
12866959
12954914
13282381
13346326
13454714
12803994
12718783
12125540
12302430
12908560
12304733
12269061
12405967
12317571
12043416
11718791
11920671
11937282
11824484
11912243
11723103
12079578
12112163
12342904
12075658
12496764
12848437
12617990
12359417
12292532
11826934
11761813
11230114
11590313
11973983
11539696
11988830
12137496
12027295
12002844
11928560
11582179
11655875
11256868
11401663
11627455
11333308
11583208
11238346
11341638
10796464
10788232
10895297
10761233
10092481
10511284
10409119
10293038
10150399
10077732
9783389
9905448
9573865
9754724
9893198
9724295
9784908
9782703
9650746
9529471
9699452
10086454
9719689
9569896
9603265
9354688
8775557
8593179
8675646
8531831
9027417
8704997
8890217
8775949
8980622
9480324
9575874
8760367
8440348
8293201
8352344
8062705
8154972
8182461
8102689
7845782
7789334
7752045
8070349
8508801
8559418
8337497
8310890
7999103
7751114
7976857
7752976
7909923
7354998
7477498
7429674
7545804
7532721
7353332
7436975
7267190
7124845
7120092
6979609
7180019
7401842
7201971
6955403
7055069
6827268
6892095
7404831
7280469
6972945
6772437
6568597
6535718
6631905
6783021
6882883
6944476
6790224
6833393
7034244
7127687
7055853
7512288
7087115
7376313
6874112
7145278
6710060
6867644
6751220
6672085
6627544
6563305
6618185
6543950
6591823
6237357
6424145
6603289
6375537
6706826
6584473
6571684
6513080
6221824
6535718
6522929
6343932
6214376
5989270
5882352
5995052
6349371
6057478
5902442
5966877
5890829
6027882
6033762
6300861
6299636
6244511
6130439
6048315
6142689
6203596
6045130
6396313
6087466
5855696
5789497
5841241
5953794
5563558
5251575
5249027
5337815
5846729
5670378
5491185
5959380
5859175
5497212
5604620
5495497
5432483
5292000
5264756
5462863
5527102
5409894
5386423
5479082
5425231
5471928
5612901
5622897
5458110
5461834
5272841
5255005
5609961
5621084
5637646
5552680
5623534
5496281
5776904
5676944
5664890
5682726
5791702
5866525
5588989
5465803
5305622
5226536
5011377
4951156
4975068
4919306
4893189
4699541
4673816
4586939
4795434
4785830
4687634
4763143
4742073
4763878
4710027
5072431
5048470
5210072
4723845
4514664
4496583
4746826
4751628
4577237
4697483
4809399
4905733
4800628
4826500
4739280
4701648
4833164
4918081
4895639
4571700
4768680
4974872
4993100
4931409
4941846
5043031
4728696
5035142
5149263
4933565
4906027
4891572
4921658
5152889
4859281
5119814
5111533
4990748
5103105
4907203
5135984
4879567
4958604
4959878
4780195
4890788
4847325
5014415
4990944
4925676
4935084
5213012
5208798
5403720
5297488
5409747
5944288
5681011
5228496
5316696
5508825
5350310
5375496
5358885
5289207
5415480
5235503
5118246
5329093
5175233
5136768
5198753
5111337
5037886
5034750
5197381
5055330
5088601
5367313
5441352
5476240
5614077
4992414
4761624
4642015
4576012
4861339
4927293
4920874
4928028
4823070
4933957
4764025
4770101
4711203
4765642
4848746
4713849
4593995
4543035
4817974
4674306
4599875
4573562
4470417
4575081
4741534
4600659
4487322
4234286
4325622
4569740
4845904
4633342
4577139
4603305
4859967
5148969
4855704
4870502
4564546
4671660
4852274
4649757
4571651
4254523
4469584
4534999
4754176
4609969
4551071
4732322
4606784
4295683
5926256
4826696
4879371
4808860
4737271
4877901
5157838
4878685
4856488
4925382
4942826
5152791
5105849
4972569
5266520
5320567
5023382
5191158
5162983
5505689
5410482
5514411
5407346
5474231
5432336
5747357
5639802
5971679
6011173
6053950
5797974
5814291
5891074
5993533
6064828
6254213
6199235
6784491
6976081
7060263
6891017
7130480
6689333
6847750
6563697
6610394
6276263
6964419
6249754
6237161
6208447
6090798
6573399
6597409
7059038
6531847
6644106
7270914
7761404
8231265
8740375
8203433
7603036
7891646
7679819
8413888
8075641
8421679
8548540
8331421
8338526
7730779
8085490
8994538
9323818
8538642
8565690
8844157
8772715
9429952
8718031
9434607
9559753
9917551
9590770
9619435
9541378
9170889
8828722
8950536
9094449
9094106
8891442
8780653
8298052
8099112
7762041
7661738
8236459
8186038
7613473
7875525
7551243
8603861
7777427
7421589
7930307
7349657
8422365
8918245
8277178
8448776
8459458
8475726
8646148
9455334
8897616
9482970
9260559
9080288
9123016
8818922
9367918
8907808
9316909
8938531
9026829
8910209
9219644
9268497
10080672
10768436
10060190
9842287
10053330
9756880
9408735
9492476
9472778
9617181
9584939
9013109
9092048
8852634
9351013
9666328
10411814
9183237
10011239
11359768
10661812
10475661
10222821
10939593
10780539
10049263
10276182
10943709
10737958
11296019
10212286
10856930
10089296
10488646
10141775
9979634
10662400
10781372
10829980
10142804
10517213
11213650
10811409
10962623
11180526
11190522
10695573
10463166
11096785
11236680
10872855
11742605
12355105
11456396
12055127
11978687
11335709
12257056
11659697
11882941
11262552
12489855
12256909
11487266
11549251
11527299
11424742
11906363
12092465
11444097
11788371
11481435
10856244
11728297
11458209
11109476
11418715
12049884
12813304
11783128
12187623
12606377
11176753
13328637
13770813
13805162
13321826
13969802
12726231
11660236
12297824
12154009
12389160
12045670
11865301
11975551
12366669
11728199
11841095
12867988
13037969
12957070
12696341
11893868
13234900
11647741
12289690
13384056
12765039
13357743
12486474
12051844
11334435
11466490
11720702
11807334
12319678
12501174
12121326
12438111
12868674
12340013
13601371
13935600
13242054
13273218
13399589
13065115
13340397
13423403
12958589
13690012
13923889
14018557
14024584
14850136
13984306
14291291
13171347
13108333
12787334
12625046
13661396
13626361
13386408
13843088
15081563
13902966
14337106
14458675
14414379
14155561
14145663
14038549
13460888
14061383
15026291
14554176
14481166
14391300
14583968
14070105
14789670
14770560
15646827
14583331
14463379
15230768
14616749
14742924
14381598
13265378
13451823
13460447
13871214
15091363
14628803
13625969
14239008
14519386
13963971
13445453
13746754
13901888
13287036
13774635
13555507
14683095
14166292
14245770
14239302
14834211
15383256
15151241
15238755
15459010
15045646
15203279
15354591
15531775
15575777
15966601
15263794
14862288
15729882
15218077
15745464
17006724
17315571
16416176
14383999
15113413
15377376
16277408
16582286
16202340
16145255
16358650
16119726
16716350
17785089
17955462
17208212
17708061
16817339
17247167
16669016
16482963
16681462
17595851
18146219
16974286
16853354
17680180
19264448
18746616
16994768
16945719
16828609
17577623
17345020
18438749
19238576
18622058
18461044
17238004
17824485
18364906
17566549
18193700
17684492
17092915
17037986
18095553
17691254
17774358
17637648
18087174
17821643
18292631
19063156
18343395
18275481
18392003
18714913
18660817
18120739
18299050
19113675
19452265
19039489
19013225
18842215
20028015
21507962
20870080
20729646
18309242
18456046
19167820
19436242
18787041
18359026
18946291
18491865
18040918
17720605
17862215
17691352
18143426
18534740
18507447
18823154
18864706
18648763
18577517
18013870
17518676
17678661
17925425
17183222
17705758
17417295
17273382
18734954
19277090
18720891
19079326
18862550
18694431
18275579
18001522
17559346
17619126
17701740
18837462
18849663
18691050
18440317
18542972
18400921
18511955
18759258
17813754
17526614
17233447
18037390
17857364
18340945
18159400
17558758
17964527
17621625
18126962
17349332
17574389
18363240
17629073
17791704
17157252
17034948
17688559
18267641
16895641
17316453
17247755
17365649
16669065
16991926
16803864
16915535
17264562
17376919
17361925
16804011
17290189
18067378
17743733
18127550
17844330
17757845
17683855
17139465
17871378
17631817
18504997
18336388
16845220
22187249
22023834
16914702
17250989
17594283
17563609
17826935
19104610
18420815
17516716
18313946
17377409
17600506
18252255
18405919
17965409
17956491
17840067
17338601
17459288
16739723
17147795
17314542
16553278
17302733
17162593
17355702
17385396
17391668
17293913
16957185
17581004
17053470
18236428
17082821
16736097
16981048
17595949
17160094
16818319
17265493
16995013
17438953
18823742
17476977
16121931
16380210
16845171
16634226
17286808
16239090
15662752
16129477
16257857
17085075
16892456
17397058
17086643
16631923
16261483
16277800
15829254
17001677
16491391
16312933
16784656
16259278
15371790
16301516
16595810
16655002
16452485
16539215
16520056
17287592
17196795
16436952
16789311
16081604
16702826
16546026
15828029
16346302
16319891
17044307
16500652
16175488
16034172
15950186
16054262
15712144
15933918
17041220
16874914
16435825
15508255
15624630
15722973
16638832
15884624
15545495
15760556
16310140
15930782
16309748
15372721
15470280
15269919
15577002
15016883
15650796
14726117
15278396
15231993
15422211
14673491
15326563
15515752
15497279
15202887
15114148
14553784
14778106
15706705
15228318
14907662
14740768
15120371
15468663
16431023
16403240
16073323
16077145
15732430
15874971
16053919
16018100
15699257
16142854
16165590
15773786
15123899
15025507
14426629
15271438
15184806
15159228
15294615
15159718
14931770
14444073
14728028
16006634
15195488
15554952
14690347
14667072
14488810
14425453
14291977
14680547
15268253
15442301
14449316
14423003
15049615
15221752
14659771
14704018
13892284
13776938
13708975
14121898
14188342
14327600
13857690
14232834
14373611
14491113
14355824
14589946
14790650
14809025
14492975
14827302
15026242
14594846
14883554
14913199
14972244
14974302
14629146
14630126
14606900
14973469
15225868
15014629
14654185
14654577
14918589
14843619
15252279
14724451
15015266
15291724
14725872
14261156
14402962
15286236
15269870
15478904
15872864
16388001
15598709
15566222
15851402
15562694
15267616
15234786
15279621
14938434
15681274
16365755
15093862
15377719
15367282
16025499
16242765
15448720
15342194
15278200
14553784
14227983
14394975
14657762
14828037
14094507
14192654
14520366
14629342
14309960
13729359
13775517
13442709
13710102
13219318
12715402
13062469
13255333
13456821
13128962
13049582
13012734
13402186
12918703
12938303
13069133
13510721
13469806
13426980
13510525
14407176
13845538
13933493
14266056
14166978
14674961
14369005
15094499
15363313
14537075
14846657
14844256
14756644
14607635
14894579
14213332
14629685
14701813
14807114
15001007
14043302
14560154
14914326
15038247
15234688
14335734
14565593
14969745
15257571
14460537
14678244
14971313
14789670
14830291
13734210
15024429
14213038
13249943
13679036
14133315
15106798
15340332
15404081
14446817
15265411
15464890
14898254
14973763
14747285
16048235
15031436
14894481
16021922
13988765
13414681
12445118
12088496
12042975
12906747
13708681
13556977
12983432
12788363
13054041
13670020
13823488
13683544
14357441
13611416
13554625
13704565
14194173
13870283
13866706
14545160
14489202
14259588
13927074
13806877
14061383
13882239
14044674
12846967
12656014
12815264
12757444
12496764
12634258
13452901
13700302
13656104
13383419
13726174
13665512
13672372
13572510
13379205
13429822
14088872
15242283
13984845
14582792
15594544
14733810
14599158
14494200
15037659
15908193
15918483
15247036
14498904
15045156
15406972
15035062
14964796
14693189
14882819
15250368
15065589
15198771
15375073
15483853
15362137
15270752
15535058
15396486
15225917
15727432
15776971
14526736
15681764
15476111
15827931
15032906
15970766
16085083
14085491
15284962
15883742
14972734
14745472
14874489
15007083
14881986
15272957
15108464
15015462
15066079
15332688
14892668
14902909
15066814
15055593
14915502
14701470
14269437
13912325
13867245
14002240
14122633
14380471
14460390
14842345
14332402
13807612
13503273
13604752
13908258
13815795
13555948
13121367
12561591
12560807
12735688
12514649
12619803
12602065
13068741
13607741
13671000
13399932
13403313
13370581
13235782
13174826
12581044
13323002
12845546
12301352
12480741
13552273
14304031
14105973
15556275
14215782
19406107
18874898
18619265
17889900
14969843
15679755
15681715
12558063
12240592
12236035
12280282
12153176
11574535
12086242
12231135
12095797
11916408
13439867
13288751
12744851
12065907
11843447
12390434
12173903
12310858
12003432
11970945
12350450
11569586
12125834
12788608
12097169
11968005
11849376
12321295
12771409
12322618
12620048
12780229
12694675
12434681
12247550
12081881
11714577
12062771
12236770
12386367
12606818
12504653
12562081
12705161
12483485
12864607
12197472
12414640
12277979
12353635
12855787
13039684
12209036
12163368
12436592
12068798
13135283
12737599
12288857
12497989
12391659
12222756
11796652
12063898
12187329
12439826
12969516
12669195
13019888
13163752
12955551
12692225
12626712
12175569
12349421
12071101
11883284
11659011
11663274
11979618
12542187
12218052
12259310
12042338
12480055
12479663
12370442
11645830
11571791
11255545
11346048
10699199
10556364
10705814
10839045
11766762
10707774
10898433
10785096
10841642
11249028
11292834
11316305
11319147
11098255
11426604
12023963
10895444
10880646
10294067
9715132
9885064
9964297
10518977
10349241
10505404
10758146
10831695
10457531
10595956
10853304
10642947
10620407
10455816
10182984
10042452
10423770
9884133
9650991
10184454
10395007
10703462
10692682
10173184
9480422
9843120
10312393
9411332
9062501
9358804
9341752
9571268
9170595
9505167
9580970
9559753
8771294
8461810
8663641
8524677
9499042
9411969
9025800
8749342
8647912
8802164
9385901
8959650
9796864
9420936
9662016
9502472
9694552
9041235
9369094
9981006
9870511
9917502
9578765
9560243
9564212
8984003
9247721
8681771
8522374
9023399
8706516
9200534
8640660
8569904
8108422
8142183
8875223
8858906
9286676
9837681
9193576
8959503
9012619
9061717
8812601
8628459
8133069
8270710
8063195
7696773
7967792
8073583
8247533
8158843
8341907
7537033
7716422
8292956
7918792
7839657
7392777
7239946
7149394
7229117
7500234
7755279
7630329
7385672
7359457
7667128
7820302
7804181
7386358
7240632
7525763
7917861
8177659
8004199
7868616
8021692
7929915
8015028
8911140
7618226
7752584
7669578
7963137
7611121
7848477
7669333
7666638
7692804
7451724
8019732
8204609
8056629
7895566
7775124
7745528
8250473
7628369
7244258
7458045
6948886
6984656
7369453
7240534
7422667
7206381
7164486
7201040
6772829
6585992
6669194
6571194
6458249
6496420
6738970
6796986
7051002
6906354
7420707
7410760
7391307
7233870
6941732
6340649
6648467
6578642
6327909
6275773
6245589
6869163
7320894
7760620
7682269
7739697
7156842
6774201
7274589
7827456
7551292
7298697
7674821
7257243
7612395
7224756
7412181
7041594
7011312
6922622
6749358
6804532
6695654
7313544
8358714
8183147
6893075
6347509
6568156
6851278
6804826
6664392
8299571
8487437
8073583
8300110
8312507
8020859
8577254
9597532
9641534
8641689
7398706
7229117
6926787
7125433
6970495
6352360
6749603
6316247
6335063
6146462
6678161
6570410
6182526
6121619
5929490
5740350
6181203
5915917
5581590
6022100
5635392
5844230
5698063
5688165
5790379
5357415
5880686
6029989
5949237
5993386
6133281
5344822
5589087
5584481
6018425
6253723
5794985
5458698
5501279
5430425
5574632
5456983
5347419
5168226
5518184
5361825
5192040
5434002
5343793
5388334
5550279
5297194
5592419
5680864
5468498
5544742
5820612
5541998
5445027
5513039
5296753
5277643
5222028
5292931
5159749
4959241
5157593
4945178
4889024
5077968
5197185
5386276
5187140
4980948
5191501
4854332
5125645
5200419
4919306
4869718
4744915
5327182
5894014
5630443
5388334
5310473
4967963
4647797
4702873
4760203
4511430
4505648
4623542
4349926
4387852
4391478
4493741
4280738
4336010
4221595
4979380
5401711
5358346
4666711
4256140
4376680
4330669
4422936
4126584
4331355
4233747
4477473
4757508
4669259
4567094
4502120
4515693
4787251
4880547
5052586
5043962
5089581
5140100
5135739
4813466
4743788
4686948
4679647
4854724
4982271
5100410
4942630
5319783
5153869
5284307
5241285
5119373
5103693
5224233
4872217
4838995
4840661
4816259
4846786
4911956
4968110
4904753
5018580
5164845
5111925
5435766
5414451
5664890
5447477
5426309
5106192
5226046
4842768
4746091
4753294
5684931
4959486
4978596
5002998
5041708
4702873
5017649
5020834
4857615
5018776
4811751
4831204
5135739
5008878
4931066
4835761
4755989
5107025
5272694
5079585
5129761
5343646
5106927
5549985
5479621
4901911
4908771
4835369
4705176
4717622
4898432
5139414
4984966
4761771
4709292
5042394
4939102
4673963
4836104
4635302
4941650
5342470
5125841
5245009
5334140
5441548
5234180
5229378
4975852
5044893
5093501
5334287
5202967
5291412
5251918
5397791
5007604
5001136
5631864
5514754
6191836
5402691
5044158
4876186
5020197
5022010
5778962
5903814
5798121
5633677
5536265
5161611
5563411
5711391
5681354
5587323
5635735
5497408
5648965
5593889
5682775
5964574
6196197
6172089
6238827
6178802
5755540
5846925
5458061
5452181
5395243
5706001
5546506
5645584
5774748
5677875
5522006
5564342
5603101
5633285
5310179
5401907
5662048
5848493
5789154
5834479
5599426
5808607
5713939
6004999
5666654
5837909
6233731
5862899
5728639
6074236
5711930
5626621
5716242
5823160
6922671
6206585
5918661
5633677
5833744
5833646
5851874
5775679
5515097
5718839
5860302
5898718
6043905
5537931
5475162
5636617
5811596
5426456
5594134
5593448
5390147
5558854
5911850
6205703
6618087
6550026
6370392
5928412
5921748
6136270
6062231
6231526
6092219
6312180
6243776
5929686
5900531
5863389
5944680
6167924
5993974
6087319
5941789
6138524
6253478
6414198
6685266
6668361
6844810
6791302
6657434
6315414
6621517
6625535
6223392
6071639
5975893
6185564
6448498
6193453
6588736
6296402
6423410
6621713
6725495
6209182
6049295
6322764
6045669
6013084
5900825
6042729
6615147
5906950
6732208
7034097
7713825
8158304
6569920
6660962
6916987
6921495
7555457
7566090
7652820
7790755
7621215
7424039
7614159
7822703
7486808
7529242
7530859
7758268
8336958
8644188
8812993
8677214
7407085
7713825
7798056
8091664
7896987
8067017
8285459
8527617
8419915
7614404
7896938
7987931
7468041
7119308
7786933
7966861
7820302
8039087
8572746
7513366
7750967
7847399
8956024
7790412
7762335
7677467
7651350
7526351
7943831
7581378
7601419
8040459
8061039
7508760
7631260
7645960
7073395
7147826
7326284
7759395
7693000
7242788
7658896
7412377
7708141
7777868
7652624
7822409
8150709
8105629
7643853
8348767
8166144
8916089
8646932
8762670
8643502
8382626
8626401
8404235
8450589
8286537
8205148
8414574
8593326
8437310
8213576
8276051
8656977
8350090
8478519
8649186
8295553
8207794
8288007
8834210
8931230
9421671
9604833
9758007
9855811
9501394
10263932
8807946
9528050
9290351
8865129
8637279
9052260
9329012
8895754
9168390
9767023
9648786
9491153
9234295
9157463
9093567
9695336
9435391
10482668
10104927
10319449
10623935
10088071
9550394
9861299
9771776
10095274
9794120
10249624
10130505
9510606
9910299
9765308
9958613
10307738
10402749
10429699
9951312
10090619
10546858
10276623
10579002
11271078
10954440
11306358
11627700
11705610
11512501
11384856
11350164
11453064
11342422
11174695
11311454
11397302
11422439
11841879
12613678
11829139
11858049
12568353
11314443
11516911
11376771
11223352
10977274
11184740
11342912
11058222
11204536
11441598
10806019
10867563
11263630
11120795
11785872
11042444
10724924
10703266
10754520
10168774
10900050
11572820
10444056
10383884
10573073
11159358
10454787
10998197
10653286
11039602
10982370
10886330
10780539
10996237
11379368
10965367
10725708
10550239
10966984
10662890
10080966
10418233
10687978
11016866
11196843
11566989
12778661
11781315
11782834
10998393
11184936
12901112
11603151
10677884
10976392
10221694
10909262
10816995
10919258
12099962
10844631
10988152
10739771
11227762
11030488
11387894
10925726
10538234
10635744
10713115
10628296
10490459
10621044
10707480
10875550
10832626
10306072
10199595
10006339
9980614
9943276
10418576
10294214
10122420
10123155
10748591
11307240
11543567
10878147
10789065
10948315
9852430
9943178
9541672
9930095
9966061
10537499
10749963
10555874
9981006
10184258
10887310
10490263
10305239
10815035
10445869
10978548
11154066
11263140
11293765
10875648
10844141
11087475
10434991
10713752
10862761
11144168
11324880
11284553
11561158
11005596
10766770
10995747
10855803
10521721
10139472
10349192
10003203
10251241
10718946
10414999
10807146
10652453
10440773
10747807
10859086
10558128
10624474
10590125
10609333
10196263
10956400
11048961
10804941
11210318
11745594
10912545
10518340
10504669
11145785
10625062
10802687
11109868
10548132
10994620
10730020
10776913
10817240
11189591
11046266
11170873
10758734
10720955
11054204
10979332
10904558
11241923
11724524
11910724
11077381
11615891
11218599
10780441
11016474
11280143
10702139
11046952
11019512
10843749
11369862
11096001
11393137
11080125
11075274
11143972
10663478
10874031
10810870
11336395
11631032
11053420
11343451
11010643
11456298
12106822
12134556
12616912
12740147
12421010
12061644
11792830
11656414
11869858
11799641
11505592
11034800
11447527
11560178
11394117
11717272
12546499
12855150
12225157
12666402
12179391
12866224
12648125
12136614
12144748
12040574
12717019
12292042
11720212
11818163
11488834
12689824
12080705
11331054
11522350
11921014
12099570
12098247
11843545
12053853
12624311
12699575
12786991
12878278
13141408
13080550
12587022
12443452
12324627
12176696
12194238
11827277
11684736
11279408
11628141
11355995
11693703
12486425
12386024
12099374
12459377
12019210
12196100
12332712
12619117
12589815
13209077
13090350
13248620
12816636
13081481
12775868
12497842
12518912
13300511
13116663
13267681
13474363
12777828
13151943
12709081
12575752
12980737
13685406
12876759
12044886
12245639
12597900
12188407
12359564
12374166
12694675
12380095
12429340
12559386
12166749
11995935
11793712
12309927
12245884
12092857
12158468
11432288
12125050
12342218
13123474
11898523
11236582
11674397
11861577
11699142
12309682
12213936
11863684
12015584
11555670
11389462
11392059
11723544
12115642
12238583
11675230
12081979
12469667
13646990
13883121
12877396
11260543
11639264
12169248
12471088
12498822
12510827
11855746
12280233
12339229
11764508
11806795
11776121
12161849
11747554
11652004
11754414
11054351
11359327
11586393
11292099
11142061
11030047
10984820
11068071
11305427
11399703
11271421
11791899
11583551
11061113
10767456
10576993
11155928
10990014
11006135
10978009
10531129
10735704
11444489
11866183
11880638
11331593
11106781
11162739
11239522
11508581
11553759
10978205
10933370
10844337
11031223
11112220
10907547
10817044
10916465
11045090
10851687
10493399
10626924
10622171
11093600
11294892
11826346
11642351
11599672
11475506
11429299
11563706
11095168
11404848
11939634
12003138
12060125
11480014
11974081
12125099
11684687
12719959
12183703
12045572
11361189
11516666
11630836
10279073
10693907
9846109
10874325
9485077
8919519
8590435
10041717
9528981
9568622
9089892
9059708
9294369
9206904
9661428
10096891
8887816
8954603
9196859
8330539
7774487
8275757
8635515
8957984
8856505
8755222
9147124
9043538
8668002
8926036
9020900
9106944
9546621
9421181
10275643
9599982
9705381
9564016
9551276
9254238
9487576
9780204
9365419
9306031
9625119
9402757
10264961
9592828
9606891
8958278
9973068
10209493
9763740
9775745
10280592
9598855
8848812
9023056
8831662
9234001
9284814
9389723
9406726
8934023
9117332
8999340
8829016
8673833
8555155
9062599
8740865
8671726
8848420
8441524
8882475
10399515
9099594
8956220
8877134
8915991
8784671
8329608
8972782
8499295
8774479
8165115
8222690
8267672
8391544
7971859
8106413
7682171
7802025
8058540
8170407
8324610
9496543
9007376
8375178
8604253
8166144
8229354
8870421
9354639
9262078
9203915
9674364
9286725
8729252
8814561
8574657
9217537
8790698
8831760
9237480
10067246
9132228
9193331
9145213
8506694
8002239
8769138
8533252
8469601
8975036
9240322
8759583
8527078
8052415
8222396
7592060
8113959
8211567
8379490
8390074
8891687
8431822
8470336
8142085
8608810
8486604
8475138
8181579
8381646
8659231
9100672
9583175
8986453
8404235
8907759
8457106
13402431
10763291
10297007
9746296
10398339
10690967
10005114
9324455
9408735
9814749
9645405
9523003
9110766
9522660
9838514
10297252
10086111
10408139
11099921
10617173
10410246
10770151
10490949
10566703
10012317
10220322
10072881
9578422
9480520
9672600
9408637
9008307
9060688
9289861
9263156
9225867
9104886
9373259
9565339
9126495
9332442
10099145
9967335
9497327
9540496
9534126
9643837
8822499
8612779
8997429
8835778
8551921
8220240
8095682
8129002
9049908
8997674
9449405
9461508
9417849
8818481
8805643
8380323
8804761
9414125
9820678
9191175
8589651
9076319
8631399
8739248
8747333
8665013
8760563
9101897
9137618
9129043
9241645
9061472
9661575
9732429
9659909
9747717
9485959
8984052
9007915
8621501
8828085
8776831
8527666
8753066
8639141
9181963
9405158
9413047
8672608
8934317
8843618
8764875
9093224
9080190
9325827
9111403
8824998
8966167
8918980
8612583
8702302
8399727
8689268
10709685
9940924
9012227
9042607
8739248
9257766
10120558
9889327
9752960
9642661
9363361
9258746
9432451
9451267
9762172
9461459
9373994
9231453
9983211
11313512
11598153
10909213
9775794
9885358
9525257
9518838
10368204
10734430
10774757
9977478
9767317
9493995
9588957
9648737
9699893
9629039
9574992
10089492
10102820
9823128
9608998
9448082
8726802
9185246
9434607
9546131
10107034
9718170
9482382
9485273
9372279
9545445
8793785
8985522
9414272
9330531
9334794
9163441
9040549
9194997
8972390
9244781
10034661
9561860
9968903
10262315
10409021
10071705
10920630
10201800
10103604
9849049
9520651
9318085
10147116
9503942
9142567
9743356
9341850
9296084
9516731
9203229
9207688
9077397
8935199
8899674
8812160
9164715
8854790
8654527
8589406
8484203
8593522
8308097
8443386
8431675
8356117
8533399
8339800
8928780
9000173
9141440
9060737
8464162
8662367
8665209
9338518
9032513
8916432
8700489
8866501
8813532
8692992
8452941
8709358
8999732
8994881
8602244
8362242
8309812
8228570
8333332
7925701
7619206
7808738
7146699
7392091
7511259
7830347
8038352
7839069
7866901
7465542
7571774
7310555
7341278
6859216
7066682
7069181
7322364
7367346
7430997
6890870
6490148
6560414
6743086
6656846
6754797
6408122
6343442
6320706
7472255
6223637
6236818
6588540
6582807
6520430
6607503
6507494
6322862
7152187
7302176
7600635
7051541
6961381
6743429
6510091
6657238
6459572
6529299
6598095
6432475
6460797
6485248
6805071
6697173
6664686
6712118
6656013
6776798
6546253
6761216
6729121
6550320
6609659
6893516
6696144
6458200
6388032
6414786
6679778
6598781
6596037
6543117
6591725
6274695
5979911
6133967
6286798
6129165
6240444
5925668
5768427
5641762
5824336
6016171
5853393
6278174
5984762
5956685
6201097
6117160
5916848
5800963
5787831
5906852
5962810
5869514
5693800
5991769
5841731
5794740
5936595
5966534
6018817
5966093
6145139
5698749
5927481
5981087
6007155
5843103
5704482
5693359
5765536
5863536
5855451
5680570
5514656
5605159
5589528
5905823
5639998
5711048
5603689
5424986
5612754
5534991
5788076
5862115
5997992
6619655
6392197
6498037
6251028
6311298
6278272
6104665
6089769
5991475
6050912
6094816
6050569
6159937
6403271
6312719
6345843
6233927
5561402
5533570
5947081
6003088
5783862
5715899
6000001
5963545
5964623
6162730
6051647
6279742
6237553
5913124
5831000
6192130
6481083
6249803
6260534
6162828
6286504
5990495
5976040
6083154
6189876
6144796
6365835
6121276
6297725
6007253
5862899
5806108
5755099
6123726
5908224
5656854
6096531
6085065
6695066
6327223
6181546
6032439
6300469
6290473
6027245
6054342
6182869
6405525
6385778
6252890
6325606
6076490
6080998
6045081
5884263
5963692
6027343
5965358
6081145
5892299
5762400
5767202
5677826
5997502
5857362
5653865
5537735
5779011
6205703
5933998
5692967
5486677
5406954
5255691
5108789
5210709
5166413
5325467
5559736
5565469
5551602
5701885
5483492
5988094
5555718
5568311
5549691
5510050
5477416
5562186
5438804
5261914
5325516
5601337
5476779
5508139
5647838
5579483
5777443
5636078
5294940
5310081
5298909
5321057
5261865
5160141
5274409
5578748
5330073
5487461
5544595
5228545
5579189
5233494
5120990
5267892
5431699
5495105
5523672
5286561
5084240
4535146
4702285
4912054
5185768
5111190
5355504
5407052
5470458
5431111
5543860
5502063
5627601
5638185
5335708
5383434
5830412
6294001
6003725
5792290
6017592
5942769
5839771
5961487
5974962
5608246
6199823
5862997
5659598
5668026
5698259
5849963
5738880
5868240
5674298
5681403
5448653
5037347
5393234
5398281
5126772
5239080
5174106
5083946
4802637
4866533
4752363
4802000
4984819
5082868
5211444
5448457
5418469
5223694
4829342
4555530
4706940
4846247
4948804
5050577
4922148
4884271
4791171
4972324
4892454
4973402
5032349
4948412
4982761
4964043
4988543
5065963
5079781
4956840
4882017
4724629
4848991
4806802
4743200
4767553
5160680
5031418
5070765
4961299
4988494
4695033
4703314
5049891
5080418
5022941
4955468
5113787
5357170
5650680
5491822
5475603
5367411
5486432
5466979
5196646
5148822
5367411
5187434
4922246
5010691
4923373
5200321
4991238
5000450
4764956
4965709
4990895
5373291
5222028
5225507
4874961
5066894
5186062
4822286
4945472
5217324
4824491
4441801
4918130
4874961
4893777
4890053
4999470
5302290
5250791
5115649
5508580
5406464
4154661
3925439
3961601
3966893
4297986
4772012
4566800
4639173
5507502
5556159
5699484
5597319
5734960
5751130
5505542
5586686
5954823
5649651
5626572
5934684
6190366
5922679
6074432
6579034
6295618
6407730
6530524
6280624
6164690
6162387
6044787
6356329
6420715
6424096
6388375
6732992
6326096
6471871
6417040
6831629
6624555
6494019
6543313
6806982
6653122
6171256
6328448
6086829
6232506
6287974
6333691
6122648
6284201
6599026
6314973
6191003
6646262
6578544
6400233
7194425
6056596
6282094
6524154
6470205
6295765
6445215
6310514
6118336
6240542
6506465
7272482
7236418
7386799
7406546
7689570
7579124
7463435
7222110
7562709
7515473
7436289
7423353
7351372
7274736
7394345
7956081
7365680
7334712
7392581
7524881
7368669
7826231
8107001
7665021
7957992
7705985
7599606
7783258
7691334
8111117
7939715
8217741
8415701
8230481
8548148
7974260
7603232
7604947
8427951
8007384
8403353
8405999
8527862
8487633
8437702
8817991
8727292
8903153
8659476
8783054
8524432
8576323
8846656
9006004
8865570
8978515
9362283
9499434
9423092
9508499
9636438
9670787
9650648
9848902
10116001
9437939
9331364
8918980
9229052
9167067
9141930
9579304
10003546
9643249
10321409
10092138
10051076
9621640
10178427
10245508
10281327
9892463
9954007
9946461
10201261
10153927
10426220
10297742
10385550
10657500
10947090
10646181
10932880
10917543
11291854
11188219
10506482
10220077
10552199
10142510
10208709
10152261
10108210
10649170
10360952
10751874
10686361
10064502
10651473
10798277
10863741
10363157
10385403
10515841
10605021
9899813
10268244
10792397
11255104
11384856
11794349
11453946
11178321
12131812
11342618
11643870
11249224
11377457
11227958
11561011
11838302
11469283
11853590
11827081
12101187
12437915
12069092
12197717
11423272
12234369
11427731
11577279
12049443
11729130
11923905
11677974
12119856
11977364
12441002
12750976
12337514
12306742
12683405
12559778
12708493
12533318
13056295
12917282
13189820
13700057
13550460
15103270
15646386
13165222
11405338
11126969
11140542
11911214
10964338
12149060
11623094
11650485
11695859
11900238
11849229
11501574
11408033
12005980
11582473
11152008
10705765
10718701
12022689
11707031
11798122
11869515
11522791
11902296
12544000
11973199
12567226
12749212
12333790
11760490
12228538
13170563
13256803
13000729
12968389
12863137
13402676
12328155
12693891
13070554
12622351
12762932
12437474
12097512
12277048
12514208
12792479
12005637
12662972
12165475
12293414
12432623
12771017
12717656
12580995
12457809
12534053
12047140
11867261
11680032
11574633
12159252
12166847
11983685
11627161
12193160
12213299
11992554
11960802
12086928
12051011
12097904
12094719
12345991
12191445
12187280
12070023
12489218
12819968
12737109
12846722
12202421
12231037
12370932
12642980
12848045
13326187
12907384
12166063
12291748
12075511
12831434
12559239
12690706
12392492
13046936
13024592
13352794
13055462
12822859
13169632
13094907
13302716
13455204
13093682
13188399
12707268
13247101
13705692
13420267
14210490
14589505
14113911
14551089
14875910
14653842
14609644
14545160
14468769
13795215
13679575
13849948
13628027
13461868
13359507
13170416
12725594
12731621
13194230
13226766
13775419
14064715
14593915
13654340
13935257
13604997
13442660
12718930
12803896
13346424
13541346
13101473
13572902
13843382
13915216
14390516
14298102
14334803
14522473
13963922
13670853
14255864
13987981
13678056
13856367
13726860
13521550
13363721
13389152
13669677
14364497
14313978
13721323
13761699
13713434
13979994
14339262
13925457
13941774
14036491
13839413
14152131
13583290
13685406
13521844
13407870
13772577
13820107
14171731
13687366
13073298
13233871
13820793
14100289
14002338
13794431
13919479
14600824
14348621
13426833
13860532
14091910
13979504
14440643
14394142
14015421
14261793
14436380
14568778
15065197
14613760
14148750
14021889
13771205
14050603
14371896
14710241
14519043
14553343
14827694
14901782
14459459
13429332
14131894
14654136
14584801
14214704
14690984
14315693
14928781
14890953
15438332
15206317
16334101
15892856
15388548
15968855
14590387
14390026
14404873
14978663
15101996
16330377
16175929
15164618
15506785
15211462
15519035
15267469
15739731
16104144
15669857
15447691
15380561
15538390
15198918
14623756
15041628
14990129
15502571
16422350
16518929
15729245
14849254
14494102
15249731
15339597
15350230
14886396
15290352
14955633
15287265
15909467
15981350
15777020
16015748
16007908
15553041
15887221
16593213
16002420
16530395
15407413
14855575
15012277
14697893
14375473
14662711
14281491
14578235
14901684
14774039
14831467
15033347
17016769
15115128
15198134
14783398
14636153
14804321
15253259
15329503
14533253
14500178
14330638
14522179
14811965
14788543
14870912
15100918
15336755
15099644
14814856
14264978
14156737
14222348
13689963
14323043
13520864
13852202
14853860
14817404
15050105
14662417
15008357
14925743
15484441
14919030
14638064
14955339
14488222
14577353
14128758
13975976
14130424
14702695
15986544
15793435
16362129
16309307
16117668
15785791
15473122
15733508
15655647
15872031
15240274
15429463
15592829
15424759
16528827
15669514
15860663
15391782
15716995
15713761
14890022
15255807
14855232
14525315
14324464
14611653
14505862
14774382
14160608
14943775
17245746
16008104
17104283
16948855
14762867
14739641
14057267
14672756
13755231
14731164
14703430
14647129
14382137
13941235
13730829
13868029
14012481
14501893
14826469
14814170
15078917
14764386
14962101
15316714
15233561
15660106
15991297
16415049
16066071
16304162
15981105
15417017
15289764
15210629
15484686
15451023
15467634
15757224
16263296
15847188
16290540
16348311
16164561
16482669
16207338
16063768
16429455
16237179
16890202
16448467
16382562
16571163
16476397
15987377
16008055
15966699
16719633
16356984
16355220
15953763
16659608
16791369
16446997
15308433
15871394
15933085
15971697
16447438
16274272
16446899
16129722
16438765
15745464
15839936
15381443
15437156
15588174
15155357
15044127
15597435
15944992
15642858
16278731
15727138
16171421
16716203
15073772
15032465
14866502
15115471
15172507
14847490
14554960
14350385
14823970
14410606
16387364
16760695
18491032
18343885
18253725
17361337
17329095
16497222
15323329
15155847
15488214
16972179
17957814
18110890
17161221
16854775
17324832
17718057
17921897
18201981
17845653
17331153
17692773
16928177
18315906
18259752
18086929
15650453
15405502
15954743
17663569
17766224
18822076
19707114
18921350
19519591
19420660
19463339
19630870
19234166
16713998
17921162
19800704
20072801
19756261
19866560
19922420
19751361
19116125
19446336
19558007
19776155
20739593
19245975
18559191
18785914
18253774
18364220
17797045
18106186
17541804
17939390
18052580
17737265
18049738
17480407
17821202
17326253
17145394
17343501
17612560
17639069
17848250
17822231
17476585
17345902
17147403
16657844
16380700
16070726
15741838
15914955
16216599
15765064
16120755
15948422
15984682
16061661
15804460
15900598
16148244
16375212
16083270
17115602
17562482
16805824
17143238
17036467
16750258
16175390
15500366
15904910
15191715
15518398
15452689
14960876
15299515
15690535
15877372
15725080
15628501
15606451
15282365
15751099
16336257
15935976
16502661
16742320
17649261
17830218
17377164
17540824
16778874
16868152
17192385
17303370
16630404
16541469
17110996
17091739
16874473
16626386
16888830
17113593
17603397
18096190
17835020
18151168
18051943
17225558
17148089
17225411
17411758
17715068
16947728
17441550
17673614
17664549
17840655
17689294
16944739
17823995
17285485
17766518
17846535
17910333
18087174
17963351
17753386
17833697
18038909
18291112
18662777
18647293
18173365
17765930
18007696
18205362
18538268
19027876
19042821
18943547
18368189
19204080
18794342
18528713
17871378
18432967
18169690
18757543
18207567
18722312
18583936
18353734
17685276
17483151
17849034
17861970
19242104
18998476
18777633
18071151
18182381
18409692
18180568
17960313
18211585
18172091
18198110
17900729
17679445
17861039
17776955
18583887
18908757
17935568
16923179
17774603
17524948
17507651
17314738
17331986
17945123
17666460
17631425
18318356
17718841
18332468
18094230
18552919
18469374
18408957
17478202
17354918
17591735
17636227
17916409
17490697
17078558
16975364
16400839
16636333
16204986
16139130
16324252
16063229
16511726
16673671
16252369
16495752
16119824
15707048
15584205
15774472
16102772
16165100
15709743
15242185
16458904
15940239
15389969
15661821
15993110
15144185
14905261
14561771
15109444
14902615
14840728
14675549
14282814
14538202
14523600
14829066
14863170
14531685
14198681
14597149
14176729
14449561
14144193
14104993
14095683
14253561
14400365
14296485
14169036
14582253
14749931
14859642
14329756
13588729
13886061
13273757
13107451
13129550
12829719
13288016
14170800
15109885
14409087
13791050
13945743
13237007
13079766
13293259
13912227
13770225
13590836
12818645
12817371
12768861
12502791
13602253
13621412
13468042
13364652
13527528
13422521
13492248
12975053
13133568
12570117
12655181
12570754
12774496
12403811
13115487
12528761
12715059
12259359
12530966
13525666
13432468
13462897
13786836
13603380
12655034
13562906
13687758
12955110
12804141
12941096
13222405
13213830
12998524
12828004
12859511
12685610
12808355
12712854
13036058
12590697
11695124
12233340
12201833
12358829
12441002
14768502
14738514
13308302
12228587
12060419
12067769
12005833
11915183
11766370
11260298
11400389
11053469
11110015
11867065
11634119
11616479
11140003
11483052
11195275
11375399
11049549
10672690
11282152
10859135
11126577
11082379
10489430
10735851
10418821
10862663
10578610
10220714
9958221
10305631
9652951
9872471
9859486
9757125
10468948
9653245
9640701
9501786
9798579
9545494
9392859
9070733
9585576
9618161
9690632
9413096
9148153
9398249
8891638
9700922
9455824
9603657
9072448
8899576
8861111
10524171
11095854
10707676
9695091
8338575
8281392
8822842
8219162
7741608
8154335
7944370
7956375
7933541
7917518
8305598
8142673
8299571
8112930
7776839
7582995
7298942
7688835
7346227
7504938
7874692
7610043
7453684
7515424
7777231
7376901
7344561
7017290
7127785
7021455
7011263
6975787
7182273
6838342
6721428
6609365
6526261
5872748
6643371
6604318
6621419
6535816
7070553
6963243
7068299
7057862
7194719
7161252
7361172
7191828
7331821
7411250
7718676
7469805
7138026
7022092
6852503
7090447
6760677
7303940
9302258
8497286
7205891
7226275
7415415
7319669
7426685
7701134
7897379
7719558
7805455
7606760
7694617
7486661
7336084
7355096
7413749
7641648
7699713
7481761
7755230
7495285
7550557
7214613
7574763
7272090
7299628
7278803
6924337
6814087
6891556
7029785
6999307
6931442
6863283
6597899
6315071
6544048
6492598
6330653
6553113
6146511
6553211
6260877
6663461
6853140
6784785
6708639
6810265
6910960
6871809
6737451
6776210
6847554
6616862
6314924
6643959
7033215
8986208
9141391
7752633
7482986
6348587
6065073
6455309
6481034
6568842
6297137
6489560
6339228
6534787
6543901
6351968
6138769
5660578
5530630
5437824
5186650
5394116
5339628
5661460
5933459
6196344
6057331
6050079
6063652
5784352
5583893
5542439
5664253
5589381
5737263
5535677
5550818
5383728
5363442
5250056
5618438
5443753
5830510
5465999
5343548
5302535
5492704
5249468
5244568
5340755
5400682
5274507
5404553
5446889
5614126
5550916
5678120
5619271
5593644
8025220
8517719
6829963
5507845
5433218
5219872
5668908
5508237
5457424
5521222
5428514
5359473
5405729
5636813
5476926
5197038
5261865
5224968
5167197
5225311
5481434
5630051
5762204
6084575
5943455
5531561
5847023
5893720
5887693
5532100
5658471
6088201
5995787
5662244
5408522
5743878
5634559
5617850
5253388
5342323
5156613
5371674
5634853
5712126
5704972
5491920
5742016
5330367
5075077
4983153
5126135
5265246
5323164
5470066
5465901
5618928
5614567
5750591
5615645
5830706
8009834
6014260
5346782
5379661
5561843
5617556
5412687
5562578
5478445
5404063
5578111
5635147
5743535
4671562
1316140
3873842
4699051
4441360
4626237
4803568
4848011
5323899
5574828
5178173
5295332
5237218
5607266
5120647
5370057
5407934
5509511
5953892
5834332
5350653
5270783
5202526
5238002
5484129
5489470
5304152
5509903
5290187
5373879
5792829
6059193
5708892
5929735
5708500
5733784
6411405
6475546
6736912
6046747
6125539
6125147
6443696
7424480
6571684
7158802
7367591
9517858
8506253
8028307
7582064
7546343
7965685
8184960
8321817
8485771
8217790
8311674
8523991
9502717
9625756
9221408
9070243
9148643
9194458
9064510
9169909
9805782
8882671
8769285
8355627
8614984
8748901
8844010
9638545
9067695
9483068
10818710
10091354
10631971
10497662
10345272
10019618
9619141
9732184
10592134
9854292
9889180
10311609
10273928
10670436
11300380
10178231
10574102
10603355
10349437
11074490
10628639
11547193
11214777
11396567
11024510
11577671
12111477
12070954
11390442
10859870
13304186
10994669
11082036
11380005
10461206
10635450
10617712
10620211
11317334
11424644
11251478
10832332
11281858
11054988
10588361
10033632
10357228
11344970
10576846
11125107
12168513
11190571
11120795
10672641
10127565
11025343
11020051
10793818
11495351
11262601
11949679
12734267
12377008
12726378
12360544
11821838
11656561
11291854
12642392
11810617
11452672
11613000
11737509
11479279
11085515
12235153
12023473
11654258
12223736
12059390
12034498
12726280
13252834
12939087
13198052
12842802
13257489
12642588
12072620
12753965
15339009
13244994
13219906
12426106
12728338
13000876
12522146
12098786
12599076
12251274
12037585
12590403
13530615
12669979
12996711
12835256
13146063
12460553
12087908
12219669
12747889
12880091
12894056
12330556
11982607
12491962
13403166
13177570
11800474
12164397
12685561
13024151
12780425
12512248
13627880
12878131
13004551
11518479
12140632
11975649
12116279
12178607
12726819
12652241
12190759
13103923
12169297
11880344
11893378
11644409
12266562
11605601
11897935
11972758
12738481
12854023
14553588
14520121
14537957
15544956
16068766
15997030
15763545
15513155
15436421
16183034
15578619
14772618
14942795
14562359
16054066
15164814
15520015
14156051
14832202
13772234
15029721
14672707
14266399
15358805
15384579
14378609
15321516
15436470
15111943
13677076
13717403
13357939
13564817
13319621
13830642
15272369
14209853
15724639
14930790
14937209
16209690
16159269
15365763
14068243
14254051
14399924
13946870
14176141
16135210
15577247
15820287
14651784
14742581
16495017
16754178
17634218
17139024
16324791
16767947
15963955
16413236
16854089
16878687
17253390
17808364
17449782
17000942
17669939
18427185
18130294
17781953
17326841
17428418
17212083
17806796
17160780
16639077
16683618
17482759
16995748
16694153
15893934
15674463
17463061
16871729
18058264
22197000
19353971
18670862
17844428
18636219
17704974
16909655
17925866
17988390
18308703
18895772
16736685
16552641
18057529
17487120
17164602
17555377
16204300
16536765
16641870
16481689
16853109
17212328
17326204
16553278
17213602
15784517
15996442
16891280
16733794
17272941
17056214
17050138
17768478
16935919
17385102
17306898
17228057
17238249
16960370
15881292
17273725
18506712
19074671
18981571
18972408
18563356
18915225
18926348
18853632
20238813
19964364
19419533
18923947
18389798
18412142
18445805
17914939
18105451
18254607
18446442
16206064
17069591
16862321
17194982
17661413
17109183
16549407
17604083
16422595
16590910
17168522
16521918
16586794
16578268
16503739
17035928
16825081
16100322
16277261
16624818
17201940
17455613
17098746
18802868
18372991
19060804
19171495
18891950
18403763
18305420
18178461
17967124
18789295
19910268
19066635
17756473
19223092
19351423
19898508
19370533
19618522
19453049
19983964
20013217
19442220
19213390
19201532
19670805
20401150
17771565
17515540
18049885
17801553
18864608
18566345
18557427
18474568
18491767
19254305
18654839
19046986
19402481
21645456
22032311
20879488
20909917
19592062
19770961
21241451
20693337
19584026
21018844
19957504
20384833
20210736
19687808
20602785
20656342
20445642
20663398
19884494
20018460
20480775
20820786
21400113
19643757
21521339
21145509
20147134
19859259
20532813
20357148
20852881
20952841
20603814
20421142
19497345
20778205
22351350
22080184
21587342
21766976
21368214
22226694
21989779
20960436
21038493
20895119
21245273
20950587
20509244
19792962
19187665
20405462
19821480
20023801
19823734
20430207
20972686
19855829
20567015
21613459
21825531
22174705
22474879
22033683
22452535
23122365
21952539
21521584
21521535
21979636
21583030
21162610
21647906
21129192
19965638
19653018
19411448
19823881
20666142
21199654
22440383
20960681
21278740
21026537
21773297
23105656
22462580
22897504
21756539
20824363
20973862
21033593
21293293
21904519
21193235
21849541
21549906
20938680
20534332
20471465
21062993
19124945
21938966
23107714
22886038
21810586
22039367
21838761
21511294
19991020
20700099
21511392
21654913
21341803
21370076
20712888
21016541
21057946
20261402
20215783
20311921
20744934
21417949
21717437
21849394
20743121
20205738
21365519
22044365
21571515
23106195
23698654
22754914
22526819
22483699
21886634
22753836
22907255
21367087
21617085
21402465
22320480
22308524
21933037
21843465
21953078
21994238
20378365
20577011
21734146
21323232
21150262
20621503
20351219
20407912
19897969
21166187
20701177
20230336
20055161
20224897
20724011
21383404
22242472
22290590
21471065
20937014
21980518
22791860
22456847
22603700
21769475
21294469
21140119
21385854
20879488
21182749
20111805
20243909
21126350
22511482
22509081
21574798
22116052
22464295
21617869
21768446
22087289
21035357
20755224
21075684
21146881
21781627
21810831
21194607
20147379
21422898
20248956
20505667
20976263
21513548
21466949
21279671
21590870
21529620
21676767
21011347
22263836
22862861
23650781
22757658
22329496
20104798
19837356
19818099
19935895
19926732
20332403
21365225
20967884
21547407
21802991
24314780
26812065
26647278
25755723
23704240
20699903
22155056
21064365
21413980
21513254
20391889
20632136
20792611
21161875
20488272
21082936
24694775
24647931
24880485
19608281
20733027
20558342
20222790
20414625
20283207
21315980
20524875
21079212
20900705
21275016
21872718
21226702
20541633
22611001
22728307
21685391
20121409
22315629
21975226
20194419
21171626
21323526
21485520
21457982
22823710
21690928
21208964
21160209
22791272
24762297
24338888
21356013
22266188
25004063
26923148
23162398
22422939
21766878
22050931
21382375
21650944
21776237
20948529
21352828
21662998
21046039
20874539
20773893
20612193
20806919
20964993
20133806
21232484
21275457
20844551
20434911
21217098
21679021
22061466
20855037
20219997
20314714
19895813
19959709
20184864
20615427
20416830
20139000
20594749
20877528
21113022
20675942
21505267
21175203
21389774
20880615
20991747
20852636
21333669
20565055
20690936
22205134
20932457
20823677
21148106
21457737
20637820
20590143
21231063
20904478
20808536
20472298
20187412
21001400
21380464
20009787
20700540
20598179
20867630
20716808
21052654
20737829
20818042
20617828
20872677
20924127
20846903
20244105
20699217
20345192
20458774
19622344
20249887
20964454
22368206
22196461
20885319
21060739
20647522
20918492
21013748
21016786
20203827
20685056
20641397
20705832
21323183
20533058
20386548
20688437
20694415
20658890
21085043
21187159
21456708
20641446
20311431
20350680
20301337
20768307
20350141
19924282
20091372
20208188
19915070
20319173
21209209
21486010
21180495
21378210
21908733
20090049
20004201
20807997
21095872
20298250
19323836
19289340
19874057
19787033
20040363
19428696
20592299
20677167
19871607
20078583
19805212
19295661
19954368
19800410
20078436
19517876
19816776
19932024
20311774
20348132
20792023
21095235
21037562
21749385
21853167
21474446
21019971
21468860
21399035
21927696
21701267
21500612
21693574
21614831
22049657
21902412
21446124
21743015
22059457
21660989
21812595
21662312
21266784
20928880
20305355
19158951
19040518
19766257
20163451
20384441
20683194
19895764
19091429
19524099
19635035
20216518
20257286
20228425
20879488
20060404
19400962
19963776
20395711
19871901
19338830
18944723
19272533
19611172
19459272
19807466
19214370
18968390
19121172
19278315
19099563
19063597
18181646
19133275
18623626
19190262
19500383
18885923
19042772
18901358
18714276
17747947
18259066
17610257
17849622
18175031
17612903
17769899
17980207
17546410
16918230
16327045
16332043
16984331
16663626
17142307
17344677
17405094
17323705
17213112
16310777
16182691
16223067
17389071
16551269
17245501
16749523
17100853
17118591
17459925
17927434
17357907
17338650
17180674
17202675
17595753
17494568
18081098
17582278
17676407
17329830
17349136
16303868
16692340
16651719
17313170
17338601
16251291
15859683
15599640
15600130
15241744
15948275
15620318
16173773
15954204
15289617
15455580
15169224
15407266
15573180
14974988
14583870
14421239
14485037
15087149
14989345
14741846
14752822
14676627
15137962
15596798
15442007
15614291
15283247
15898442
15000419
15185737
16041032
15896923
15235423
14924861
14501354
14844599
15256836
15506785
14792708
14896637
14396690
14903742
14819217
14958426
14642719
14757575
14656292
14753410
14240625
14292859
14252483
14668199
15433824
14218036
14867090
15297408
14637525
13931288
14400414
14423297
14143360
13545609
13404244
13058549
12897731
12626369
12477262
12775476
12527487
12577271
13110391
12800270
12803749
12769449
13013763
12552134
12090456
12067916
11736872
11464824
12407731
11431700
10772993
11346881
11811107
11818457
12021954
11278673
11136867
10619966
10940573
11015494
11113298
11220706
11235455
11664646
11812528
11869417
12240347
11752258
11621183
11531660
11926600
11452574
11657786
11394852
11083996
10675238
11084094
10846738
10963701
10761380
10938025
10845415
11027107
10711841
10462823
10661665
10593114
10664409
10687488
10975902
11079292
10853255
10400789
10159709
9947882
10215226
9979193
10719583
10407747
9825921
9577442
9521092
9842385
9299073
9702245
9872961
9975175
9760212
10087238
10134719
9798824
9658537
9734389
9339694
9104445
9179758
8554322
8619688
8477441
8511055
8745814
8847440
8648451
8382038
8618512
8336664
7668500
7800751
7816186
8642963
8547658
8268995
8279726
8003954
8189223
7871164
7587209
7614453
7241612
7230881
7554820
7661983
7459613
7067270
7285222
7544824
7230489
7982492
8198337
8082207
8277423
8258313
8422610
8972537
9459989
9013158
8593375
8638896
8129639
8011598
7855533
7481614
7589120
7373912
7221424
7409045
7471618
6858138
7285320
6956334
6835990
6267541
6441883
6498331
6506955
6692420
6323695
6291012
6244609
6717802
6995044
6907628
6452222
5984125
5954627
5786998
5799591
5939878
6171991
6052137
6340600
5897199
6159006
6392981
6317227
6589520
6071737
6068062
6434141
6344128
6067376
5844769
5927726
6012153
5948943
5935468
5908224
5611382
5750297
5812919
6264797
6414492
6172481
6428800
6487796
6898220
6486571
6422920
6327027
6452124
6123089
6163857
6070316
6293413
6246961
6506612
6334867
6051304
6451977
6192081
6352017
6345745
6357701
6391070
6639500
6190219
5832225
6222069
6032439
6241473
6003725
6181007
5747798
5998384
6307770
6061888
6033615
5303221
5560765
5277545
5603885
5341490
5360943
5878481
5474623
5389706
5287933
5316451
5253241
5201203
4988690
4690133
4652648
4573415
4780195
4784605
4600953
4433569
4469878
4496926
4526963
4911417
4889955
5045628
4807341
4774413
4988690
4775981
4778676
4844434
4758635
4799403
4699786
5050430
4833507
5163767
4799991
4522455
4979870
5093550
4731930
4526277
4603452
4507804
4623444
4692093
4647160
4889416
4902352
4768876
5078801
5703012
5171362
4984133
5732461
5949531
5698112
5346684
5329093
5369567
5287590
5129320
5184004
5421458
5425378
5459629
5272890
5273282
4903185
4920482
5507992
6090553
5947718
5877256
5955999
6282486
5411805
5356533
5930862
5761714
5763576
5514656
5481532
5890780
5531120
5602023
5518821
5250448
5726287
5710313
5612264
5732412
5310473
5317872
5120500
5620447
5360551
5311355
5290971
5402936
5833009
5649112
5322282
5541900
5411364
6385974
6198108
5816692
5498633
5641272
5697230
5469282
5543468
5875296
5789840
5805569
5762400
5718888
5741477
6095208
6325263
5821102
5739615
6107360
5960458
5842956
5850894
5848983
5762155
5839281
6340355
6121080
6212759
6324234
5989809
5982949
5790036
5915721
6580504
6779248
6241571
6133085
5988290
6137789
6102166
6158565
6357309
6572860
6256712
6005391
5917142
5974717
5951393
5642399
5942181
6280918
5918661
5880588
5934390
6558944
6005930
6123432
5999413
6283025
6029548
5909645
3955133
5174057
6486179
6332172
6173412
5972267
6246030
5992210
6254899
7007098
6298558
6500193
6641313
6593685
6645429
6604220
6476085
6701534
6055224
6047923
6237896
6321441
6274156
6249999
6621321
6609071
6597409
6460356
6413708
6827954
6936734
7170954
7364847
7436191
7190505
7122983
7344316
7071582
6840498
7098434
7132440
7035077
6838930
7032578
6888126
7052080
7000630
7218533
7269738
7544481
7427959
7153118
7395374
7418992
7684915
7461965
7463239
7893263
7502390
8480920
7535906
7715099
7565992
7750624
8067262
8136058
7853181
7900760
7959952
7505967
8615327
9708811
8019732
8435693
7809081
7563738
7881160
8354696
8095829
8715483
8220387
8263752
8150513
8691816
8687161
8732927
9066666
9352532
9273593
8690101
8425893
8230432
8750959
8765904
8356019
8914766
8180256
8617875
9031190
9136785
9138549
9835966
9541966
9923039
9706802
9323475
9265949
9190244
9796717
9980026
10086846
9919462
10009671
10371634
10988838
10906273
11723446
10693123
10356199
10285394
10485461
10408923
9906134
9960083
10332483
10963505
10584343
10659460
10625062
10863006
11038034
11593106
11892496
11875885
11592959
11346587
11928266
11625544
11463844
11726141
10686410
11969769
10345860
9810829
10578757
10718407
10912545
10991043
11050921
11050431
10932733
10905734
10767603
11344676
11866869
11145344
11562873
11860450
11926747
11872112
11362855
12084870
11836636
12749555
12457760
12356624
11723936
11246823
12256517
13068839
12289984
11760980
11560717
11544400
12628133
12548067
12241964
11827816
12715255
12044053
12678995
13874693
13397580
14597737
14650412
14681674
14345436
15072890
13728722
14582400
12888519
12969467
13707211
13155128
13341328
13136263
13343337
14520513
14112441
12954767
13441141
13450108
12396559
13537671
13947213
13516454
13348531
13477891
13268808
13706770
13803104
13280862
14523012
14156002
14122045
14401002
14020125
14086226
15078427
14364644
13429528
13826477
13631849
15032416
15412607
15790103
14743022
15357923
15007426
14822794
13725341
13903064
14029043
13921439
13948389
14356902
15735566
13834415
13563053
14285117
13603625
14352884
14963228
15339499
16506924
15930831
15187599
14790111
14908740
15502865
16329985
16224439
16666860
17001334
17330761
17744909
16873640
17542637
16813076
15801275
16976736
15792602
16085475
16105271
17161515
16879030
15772512
15919414
16355759
15822247
15984633
16019815
16334885
16327143
16040493
16891378
15399671
16289217
15280699
15307159
15132621
16247126
15939553
15366057
15688330
17006822
18166603
17259858
16782696
17416315
17254027
17981677
16845955
17161319
17247020
17303468
17238837
17316208
17695762
16970366
16641429
16997414
17005695
17566843
17374714
17907197
17508631
18190613
18718245
19023319
19115488
18532192
17468647
17631474
17835657
17995740
18069534
17815371
18242112
19362742
21337785
21385805
21644231
19311537
19472894
23586003
23433662
23394854
23372118
20667710
19570796
19328099
18706877
17610894
16956401
18392199
19793158
19236959
19135529
18802280
18713933
19630821
18590159
18522735
17940174
20032229
19729556
20396054
20479746
20724158
20990375
20595484
20660409
20320104
20279140
20466075
18440023
20251210
21052262
21122871
19821627
19769687
19808936
20148702
19807760
20493613
20445005
20987239
20831517
21896777
21754971
23166612
21899227
20947647
20407422
20847393
20880958
21419517
20964895
20682018
20852293
21457198
20882330
20298789
20827205
20187657
20620131
19929966
95462976
133655928
133558222
133387310
133619276
133151620
133217623
133657055
133560231
133541366
133267260
133233058
133625156
133111881
133709142
133991333
133814835
25067665
19828389
19164047
18930072
18903661
19184431
18519942
19561878
20331472
20660997
21948129
20776392
20391693
21287413
21202545
20447700
19461085
20323534
19761749
20548150
20435842
19825841
19135921
18860835
18685611
19312615
19719364
19037137
17683806
20365429
20503021
21573769
22301664
21375711
21344988
21893837
21403935
20659576
